,module name,input shape,output shape,params,memory(MB),MAdd,FLOPs,MemRead(B),MemWrite(B),duration(s),duration[%],MemR+W(B)
0,encoder_0.double_conv.conv_block_1.conv.conv_h2h,"[  3,512,512]","[ 32,512,512]",896,32.00,"452,984,832","234,881,024",3149312,33554432,0.013007164001464844,1.26%,36703744
1,encoder_0.double_conv.conv_block_1.conv.downsample_h2l,"[  3,512,512]","[  3,256,256]",0,0.75,"786,432","786,432",3145728,786432,0.0011620521545410156,0.11%,3932160
2,encoder_0.double_conv.conv_block_1.conv.conv_h2l,"[  3,256,256]","[ 32,256,256]",896,8.00,"113,246,208","58,720,256",790016,8388608,0.0028069019317626953,0.27%,9178624
3,encoder_0.double_conv.conv_block_1.batch_norm.batch_norm_h2h,"[ 32,512,512]","[ 32,512,512]",64,32.00,"33,554,432","16,777,216",33554688,33554432,0.025223493576049805,2.44%,67109120
4,encoder_0.double_conv.conv_block_1.batch_norm.batch_norm_l2l,"[ 32,256,256]","[ 32,256,256]",64,8.00,"8,388,608","4,194,304",8388864,8388608,0.006263256072998047,0.61%,16777472
5,encoder_0.double_conv.conv_block_1.act_fn.relu_h2h,"[ 32,512,512]","[ 32,512,512]",0,32.00,"8,388,608","8,388,608",33554432,33554432,0.0028333663940429688,0.27%,67108864
6,encoder_0.double_conv.conv_block_1.act_fn.relu_l2l,"[ 32,256,256]","[ 32,256,256]",0,8.00,"2,097,152","2,097,152",8388608,8388608,0.0007855892181396484,0.08%,16777216
7,encoder_0.double_conv.conv_block_2.conv.conv_h2h,"[ 32,512,512]","[ 32,512,512]",9248,32.00,"4,831,838,208","2,424,307,712",33591424,33554432,0.022499799728393555,2.17%,67145856
8,encoder_0.double_conv.conv_block_2.conv.conv_l2l,"[ 32,256,256]","[ 32,256,256]",9248,8.00,"1,207,959,552","606,076,928",8425600,8388608,0.004365682601928711,0.42%,16814208
9,encoder_0.double_conv.conv_block_2.conv.downsample_h2l,"[ 32,512,512]","[ 32,256,256]",0,8.00,"8,388,608","8,388,608",33554432,8388608,0.0022673606872558594,0.22%,41943040
10,encoder_0.double_conv.conv_block_2.conv.conv_h2l,"[ 32,256,256]","[ 32,256,256]",9248,8.00,"1,207,959,552","606,076,928",8425600,8388608,0.0054473876953125,0.53%,16814208
11,encoder_0.double_conv.conv_block_2.conv.conv_l2h,"[ 32,256,256]","[ 32,256,256]",9248,8.00,"1,207,959,552","606,076,928",8425600,8388608,0.004216194152832031,0.41%,16814208
12,encoder_0.double_conv.conv_block_2.conv.upsample_l2h,"[ 32,256,256]","[ 32,512,512]",0,32.00,0,"262,144",0,0,0.044928789138793945,4.34%,0
13,encoder_0.double_conv.conv_block_2.batch_norm.batch_norm_h2h,"[ 32,512,512]","[ 32,512,512]",64,32.00,"33,554,432","16,777,216",33554688,33554432,0.023520946502685547,2.27%,67109120
14,encoder_0.double_conv.conv_block_2.batch_norm.batch_norm_l2l,"[ 32,256,256]","[ 32,256,256]",64,8.00,"8,388,608","4,194,304",8388864,8388608,0.006176471710205078,0.60%,16777472
15,encoder_0.double_conv.conv_block_2.act_fn.relu_h2h,"[ 32,512,512]","[ 32,512,512]",0,32.00,"8,388,608","8,388,608",33554432,33554432,0.002713441848754883,0.26%,67108864
16,encoder_0.double_conv.conv_block_2.act_fn.relu_l2l,"[ 32,256,256]","[ 32,256,256]",0,8.00,"2,097,152","2,097,152",8388608,8388608,0.0008046627044677734,0.08%,16777216
17,encoder_1.downsample.avg_pool_h2h,"[ 32,512,512]","[ 32,256,256]",0,8.00,"8,388,608","8,388,608",33554432,8388608,0.0022923946380615234,0.22%,41943040
18,encoder_1.downsample.avg_pool_l2l,"[ 32,256,256]","[ 32,128,128]",0,2.00,"2,097,152","2,097,152",8388608,2097152,0.0004885196685791016,0.05%,10485760
19,encoder_1.double_conv.conv_block_1.conv.conv_h2h,"[ 32,256,256]","[ 64,256,256]",18496,16.00,"2,415,919,104","1,212,153,856",8462592,16777216,0.011268138885498047,1.09%,25239808
20,encoder_1.double_conv.conv_block_1.conv.conv_l2l,"[ 32,128,128]","[ 64,128,128]",18496,4.00,"603,979,776","303,038,464",2171136,4194304,0.0020220279693603516,0.20%,6365440
21,encoder_1.double_conv.conv_block_1.conv.downsample_h2l,"[ 32,256,256]","[ 32,128,128]",0,2.00,"2,097,152","2,097,152",8388608,2097152,0.0005266666412353516,0.05%,10485760
22,encoder_1.double_conv.conv_block_1.conv.conv_h2l,"[ 32,128,128]","[ 64,128,128]",18496,4.00,"603,979,776","303,038,464",2171136,4194304,0.0033423900604248047,0.32%,6365440
23,encoder_1.double_conv.conv_block_1.conv.conv_l2h,"[ 32,128,128]","[ 64,128,128]",18496,4.00,"603,979,776","303,038,464",2171136,4194304,0.0019526481628417969,0.19%,6365440
24,encoder_1.double_conv.conv_block_1.conv.upsample_l2h,"[ 64,128,128]","[ 64,256,256]",0,16.00,0,"65,536",0,0,0.02163863182067871,2.09%,0
25,encoder_1.double_conv.conv_block_1.batch_norm.batch_norm_h2h,"[ 64,256,256]","[ 64,256,256]",128,16.00,"16,777,216","8,388,608",16777728,16777216,0.012526750564575195,1.21%,33554944
26,encoder_1.double_conv.conv_block_1.batch_norm.batch_norm_l2l,"[ 64,128,128]","[ 64,128,128]",128,4.00,"4,194,304","2,097,152",4194816,4194304,0.0012569427490234375,0.12%,8389120
27,encoder_1.double_conv.conv_block_1.act_fn.relu_h2h,"[ 64,256,256]","[ 64,256,256]",0,16.00,"4,194,304","4,194,304",16777216,16777216,0.0014233589172363281,0.14%,33554432
28,encoder_1.double_conv.conv_block_1.act_fn.relu_l2l,"[ 64,128,128]","[ 64,128,128]",0,4.00,"1,048,576","1,048,576",4194304,4194304,0.00021982192993164062,0.02%,8388608
29,encoder_1.double_conv.conv_block_2.conv.conv_h2h,"[ 64,256,256]","[ 64,256,256]",36928,16.00,"4,831,838,208","2,420,113,408",16924928,16777216,0.01532602310180664,1.48%,33702144
30,encoder_1.double_conv.conv_block_2.conv.conv_l2l,"[ 64,128,128]","[ 64,128,128]",36928,4.00,"1,207,959,552","605,028,352",4342016,4194304,0.0035119056701660156,0.34%,8536320
31,encoder_1.double_conv.conv_block_2.conv.downsample_h2l,"[ 64,256,256]","[ 64,128,128]",0,4.00,"4,194,304","4,194,304",16777216,4194304,0.0010554790496826172,0.10%,20971520
32,encoder_1.double_conv.conv_block_2.conv.conv_h2l,"[ 64,128,128]","[ 64,128,128]",36928,4.00,"1,207,959,552","605,028,352",4342016,4194304,0.004469394683837891,0.43%,8536320
33,encoder_1.double_conv.conv_block_2.conv.conv_l2h,"[ 64,128,128]","[ 64,128,128]",36928,4.00,"1,207,959,552","605,028,352",4342016,4194304,0.0034046173095703125,0.33%,8536320
34,encoder_1.double_conv.conv_block_2.conv.upsample_l2h,"[ 64,128,128]","[ 64,256,256]",0,16.00,0,"65,536",0,0,0.018096446990966797,1.75%,0
35,encoder_1.double_conv.conv_block_2.batch_norm.batch_norm_h2h,"[ 64,256,256]","[ 64,256,256]",128,16.00,"16,777,216","8,388,608",16777728,16777216,0.011312723159790039,1.09%,33554944
36,encoder_1.double_conv.conv_block_2.batch_norm.batch_norm_l2l,"[ 64,128,128]","[ 64,128,128]",128,4.00,"4,194,304","2,097,152",4194816,4194304,0.0009932518005371094,0.10%,8389120
37,encoder_1.double_conv.conv_block_2.act_fn.relu_h2h,"[ 64,256,256]","[ 64,256,256]",0,16.00,"4,194,304","4,194,304",16777216,16777216,0.0013766288757324219,0.13%,33554432
38,encoder_1.double_conv.conv_block_2.act_fn.relu_l2l,"[ 64,128,128]","[ 64,128,128]",0,4.00,"1,048,576","1,048,576",4194304,4194304,0.00016880035400390625,0.02%,8388608
39,encoder_2.downsample.avg_pool_h2h,"[ 64,256,256]","[ 64,128,128]",0,4.00,"4,194,304","4,194,304",16777216,4194304,0.0006482601165771484,0.06%,20971520
40,encoder_2.downsample.avg_pool_l2l,"[ 64,128,128]","[ 64, 64, 64]",0,1.00,"1,048,576","1,048,576",4194304,1048576,0.000213623046875,0.02%,5242880
41,encoder_2.double_conv.conv_block_1.conv.conv_h2h,"[ 64,128,128]","[128,128,128]",73856,8.00,"2,415,919,104","1,210,056,704",4489728,8388608,0.004781484603881836,0.46%,12878336
42,encoder_2.double_conv.conv_block_1.conv.conv_l2l,"[ 64, 64, 64]","[128, 64, 64]",73856,2.00,"603,979,776","302,514,176",1344000,2097152,0.0011136531829833984,0.11%,3441152
43,encoder_2.double_conv.conv_block_1.conv.downsample_h2l,"[ 64,128,128]","[ 64, 64, 64]",0,1.00,"1,048,576","1,048,576",4194304,1048576,0.0001976490020751953,0.02%,5242880
44,encoder_2.double_conv.conv_block_1.conv.conv_h2l,"[ 64, 64, 64]","[128, 64, 64]",73856,2.00,"603,979,776","302,514,176",1344000,2097152,0.0019388198852539062,0.19%,3441152
45,encoder_2.double_conv.conv_block_1.conv.conv_l2h,"[ 64, 64, 64]","[128, 64, 64]",73856,2.00,"603,979,776","302,514,176",1344000,2097152,0.001129150390625,0.11%,3441152
46,encoder_2.double_conv.conv_block_1.conv.upsample_l2h,"[128, 64, 64]","[128,128,128]",0,8.00,0,"16,384",0,0,0.011002063751220703,1.06%,0
47,encoder_2.double_conv.conv_block_1.batch_norm.batch_norm_h2h,"[128,128,128]","[128,128,128]",256,8.00,"8,388,608","4,194,304",8389632,8388608,0.0020029544830322266,0.19%,16778240
48,encoder_2.double_conv.conv_block_1.batch_norm.batch_norm_l2l,"[128, 64, 64]","[128, 64, 64]",256,2.00,"2,097,152","1,048,576",2098176,2097152,0.0005271434783935547,0.05%,4195328
49,encoder_2.double_conv.conv_block_1.act_fn.relu_h2h,"[128,128,128]","[128,128,128]",0,8.00,"2,097,152","2,097,152",8388608,8388608,0.0007314682006835938,0.07%,16777216
50,encoder_2.double_conv.conv_block_1.act_fn.relu_l2l,"[128, 64, 64]","[128, 64, 64]",0,2.00,"524,288","524,288",2097152,2097152,8.249282836914062e-05,0.01%,4194304
51,encoder_2.double_conv.conv_block_2.conv.conv_h2h,"[128,128,128]","[128,128,128]",147584,8.00,"4,831,838,208","2,418,016,256",8978944,8388608,0.008080482482910156,0.78%,17367552
52,encoder_2.double_conv.conv_block_2.conv.conv_l2l,"[128, 64, 64]","[128, 64, 64]",147584,2.00,"1,207,959,552","604,504,064",2687488,2097152,0.0018689632415771484,0.18%,4784640
53,encoder_2.double_conv.conv_block_2.conv.downsample_h2l,"[128,128,128]","[128, 64, 64]",0,2.00,"2,097,152","2,097,152",8388608,2097152,0.0003261566162109375,0.03%,10485760
54,encoder_2.double_conv.conv_block_2.conv.conv_h2l,"[128, 64, 64]","[128, 64, 64]",147584,2.00,"1,207,959,552","604,504,064",2687488,2097152,0.002399444580078125,0.23%,4784640
55,encoder_2.double_conv.conv_block_2.conv.conv_l2h,"[128, 64, 64]","[128, 64, 64]",147584,2.00,"1,207,959,552","604,504,064",2687488,2097152,0.0018045902252197266,0.17%,4784640
56,encoder_2.double_conv.conv_block_2.conv.upsample_l2h,"[128, 64, 64]","[128,128,128]",0,8.00,0,"16,384",0,0,0.01149296760559082,1.11%,0
57,encoder_2.double_conv.conv_block_2.batch_norm.batch_norm_h2h,"[128,128,128]","[128,128,128]",256,8.00,"8,388,608","4,194,304",8389632,8388608,0.0056688785552978516,0.55%,16778240
58,encoder_2.double_conv.conv_block_2.batch_norm.batch_norm_l2l,"[128, 64, 64]","[128, 64, 64]",256,2.00,"2,097,152","1,048,576",2098176,2097152,0.0005729198455810547,0.06%,4195328
59,encoder_2.double_conv.conv_block_2.act_fn.relu_h2h,"[128,128,128]","[128,128,128]",0,8.00,"2,097,152","2,097,152",8388608,8388608,0.0007162094116210938,0.07%,16777216
60,encoder_2.double_conv.conv_block_2.act_fn.relu_l2l,"[128, 64, 64]","[128, 64, 64]",0,2.00,"524,288","524,288",2097152,2097152,0.00011491775512695312,0.01%,4194304
61,encoder_3.downsample.avg_pool_h2h,"[128,128,128]","[128, 64, 64]",0,2.00,"2,097,152","2,097,152",8388608,2097152,0.00029277801513671875,0.03%,10485760
62,encoder_3.downsample.avg_pool_l2l,"[128, 64, 64]","[128, 32, 32]",0,0.50,"524,288","524,288",2097152,524288,0.00011706352233886719,0.01%,2621440
63,encoder_3.double_conv.conv_block_1.conv.conv_h2h,"[128, 64, 64]","[256, 64, 64]",295168,4.00,"2,415,919,104","1,209,008,128",3277824,4194304,0.003906965255737305,0.38%,7472128
64,encoder_3.double_conv.conv_block_1.conv.conv_l2l,"[128, 32, 32]","[256, 32, 32]",295168,1.00,"603,979,776","302,252,032",1704960,1048576,0.0010898113250732422,0.11%,2753536
65,encoder_3.double_conv.conv_block_1.conv.downsample_h2l,"[128, 64, 64]","[128, 32, 32]",0,0.50,"524,288","524,288",2097152,524288,0.00010943412780761719,0.01%,2621440
66,encoder_3.double_conv.conv_block_1.conv.conv_h2l,"[128, 32, 32]","[256, 32, 32]",295168,1.00,"603,979,776","302,252,032",1704960,1048576,0.0016841888427734375,0.16%,2753536
67,encoder_3.double_conv.conv_block_1.conv.conv_l2h,"[128, 32, 32]","[256, 32, 32]",295168,1.00,"603,979,776","302,252,032",1704960,1048576,0.0009915828704833984,0.10%,2753536
68,encoder_3.double_conv.conv_block_1.conv.upsample_l2h,"[256, 32, 32]","[256, 64, 64]",0,4.00,0,"4,096",0,0,0.007751941680908203,0.75%,0
69,encoder_3.double_conv.conv_block_1.batch_norm.batch_norm_h2h,"[256, 64, 64]","[256, 64, 64]",512,4.00,"4,194,304","2,097,152",4196352,4194304,0.0011203289031982422,0.11%,8390656
70,encoder_3.double_conv.conv_block_1.batch_norm.batch_norm_l2l,"[256, 32, 32]","[256, 32, 32]",512,1.00,"1,048,576","524,288",1050624,1048576,0.00029087066650390625,0.03%,2099200
71,encoder_3.double_conv.conv_block_1.act_fn.relu_h2h,"[256, 64, 64]","[256, 64, 64]",0,4.00,"1,048,576","1,048,576",4194304,4194304,0.00017952919006347656,0.02%,8388608
72,encoder_3.double_conv.conv_block_1.act_fn.relu_l2l,"[256, 32, 32]","[256, 32, 32]",0,1.00,"262,144","262,144",1048576,1048576,4.5299530029296875e-05,0.00%,2097152
73,encoder_3.double_conv.conv_block_2.conv.conv_h2h,"[256, 64, 64]","[256, 64, 64]",590080,4.00,"4,831,838,208","2,416,967,680",6554624,4194304,0.00721430778503418,0.70%,10748928
74,encoder_3.double_conv.conv_block_2.conv.conv_l2l,"[256, 32, 32]","[256, 32, 32]",590080,1.00,"1,207,959,552","604,241,920",3408896,1048576,0.001749277114868164,0.17%,4457472
75,encoder_3.double_conv.conv_block_2.conv.downsample_h2l,"[256, 64, 64]","[256, 32, 32]",0,1.00,"1,048,576","1,048,576",4194304,1048576,0.00016570091247558594,0.02%,5242880
76,encoder_3.double_conv.conv_block_2.conv.conv_h2l,"[256, 32, 32]","[256, 32, 32]",590080,1.00,"1,207,959,552","604,241,920",3408896,1048576,0.0022094249725341797,0.21%,4457472
77,encoder_3.double_conv.conv_block_2.conv.conv_l2h,"[256, 32, 32]","[256, 32, 32]",590080,1.00,"1,207,959,552","604,241,920",3408896,1048576,0.0017096996307373047,0.17%,4457472
78,encoder_3.double_conv.conv_block_2.conv.upsample_l2h,"[256, 32, 32]","[256, 64, 64]",0,4.00,0,"4,096",0,0,0.007718324661254883,0.75%,0
79,encoder_3.double_conv.conv_block_2.batch_norm.batch_norm_h2h,"[256, 64, 64]","[256, 64, 64]",512,4.00,"4,194,304","2,097,152",4196352,4194304,0.002913951873779297,0.28%,8390656
80,encoder_3.double_conv.conv_block_2.batch_norm.batch_norm_l2l,"[256, 32, 32]","[256, 32, 32]",512,1.00,"1,048,576","524,288",1050624,1048576,0.00029754638671875,0.03%,2099200
81,encoder_3.double_conv.conv_block_2.act_fn.relu_h2h,"[256, 64, 64]","[256, 64, 64]",0,4.00,"1,048,576","1,048,576",4194304,4194304,0.0004813671112060547,0.05%,8388608
82,encoder_3.double_conv.conv_block_2.act_fn.relu_l2l,"[256, 32, 32]","[256, 32, 32]",0,1.00,"262,144","262,144",1048576,1048576,6.103515625e-05,0.01%,2097152
83,encoder_4.downsample.avg_pool_h2h,"[256, 64, 64]","[256, 32, 32]",0,1.00,"1,048,576","1,048,576",4194304,1048576,0.0001552104949951172,0.01%,5242880
84,encoder_4.downsample.avg_pool_l2l,"[256, 32, 32]","[256, 16, 16]",0,0.25,"262,144","262,144",1048576,262144,5.6743621826171875e-05,0.01%,1310720
85,encoder_4.double_conv.conv_block_1.conv.conv_h2h,"[256, 32, 32]","[256, 32, 32]",590080,1.00,"1,207,959,552","604,241,920",3408896,1048576,0.0017173290252685547,0.17%,4457472
86,encoder_4.double_conv.conv_block_1.conv.conv_l2l,"[256, 16, 16]","[256, 16, 16]",590080,0.25,"301,989,888","151,060,480",2622464,262144,0.0006997585296630859,0.07%,2884608
87,encoder_4.double_conv.conv_block_1.conv.downsample_h2l,"[256, 32, 32]","[256, 16, 16]",0,0.25,"262,144","262,144",1048576,262144,9.34600830078125e-05,0.01%,1310720
88,encoder_4.double_conv.conv_block_1.conv.conv_h2l,"[256, 16, 16]","[256, 16, 16]",590080,0.25,"301,989,888","151,060,480",2622464,262144,0.0010838508605957031,0.10%,2884608
89,encoder_4.double_conv.conv_block_1.conv.conv_l2h,"[256, 16, 16]","[256, 16, 16]",590080,0.25,"301,989,888","151,060,480",2622464,262144,0.0005838871002197266,0.06%,2884608
90,encoder_4.double_conv.conv_block_1.conv.upsample_l2h,"[256, 16, 16]","[256, 32, 32]",0,1.00,0,"1,024",0,0,0.0016684532165527344,0.16%,0
91,encoder_4.double_conv.conv_block_1.batch_norm.batch_norm_h2h,"[256, 32, 32]","[256, 32, 32]",512,1.00,"1,048,576","524,288",1050624,1048576,0.0003104209899902344,0.03%,2099200
92,encoder_4.double_conv.conv_block_1.batch_norm.batch_norm_l2l,"[256, 16, 16]","[256, 16, 16]",512,0.25,"262,144","131,072",264192,262144,0.00011372566223144531,0.01%,526336
93,encoder_4.double_conv.conv_block_1.act_fn.relu_h2h,"[256, 32, 32]","[256, 32, 32]",0,1.00,"262,144","262,144",1048576,1048576,6.818771362304688e-05,0.01%,2097152
94,encoder_4.double_conv.conv_block_1.act_fn.relu_l2l,"[256, 16, 16]","[256, 16, 16]",0,0.25,"65,536","65,536",262144,262144,3.5762786865234375e-05,0.00%,524288
95,encoder_4.double_conv.conv_block_2.conv.conv_h2h,"[256, 32, 32]","[256, 32, 32]",590080,1.00,"1,207,959,552","604,241,920",3408896,1048576,0.0016705989837646484,0.16%,4457472
96,encoder_4.double_conv.conv_block_2.conv.conv_l2l,"[256, 16, 16]","[256, 16, 16]",590080,0.25,"301,989,888","151,060,480",2622464,262144,0.0005869865417480469,0.06%,2884608
97,encoder_4.double_conv.conv_block_2.conv.downsample_h2l,"[256, 32, 32]","[256, 16, 16]",0,0.25,"262,144","262,144",1048576,262144,9.083747863769531e-05,0.01%,1310720
98,encoder_4.double_conv.conv_block_2.conv.conv_h2l,"[256, 16, 16]","[256, 16, 16]",590080,0.25,"301,989,888","151,060,480",2622464,262144,0.0006122589111328125,0.06%,2884608
99,encoder_4.double_conv.conv_block_2.conv.conv_l2h,"[256, 16, 16]","[256, 16, 16]",590080,0.25,"301,989,888","151,060,480",2622464,262144,0.0005826950073242188,0.06%,2884608
100,encoder_4.double_conv.conv_block_2.conv.upsample_l2h,"[256, 16, 16]","[256, 32, 32]",0,1.00,0,"1,024",0,0,0.002311229705810547,0.22%,0
101,encoder_4.double_conv.conv_block_2.batch_norm.batch_norm_h2h,"[256, 32, 32]","[256, 32, 32]",512,1.00,"1,048,576","524,288",1050624,1048576,0.0003287792205810547,0.03%,2099200
102,encoder_4.double_conv.conv_block_2.batch_norm.batch_norm_l2l,"[256, 16, 16]","[256, 16, 16]",512,0.25,"262,144","131,072",264192,262144,0.00011682510375976562,0.01%,526336
103,encoder_4.double_conv.conv_block_2.act_fn.relu_h2h,"[256, 32, 32]","[256, 32, 32]",0,1.00,"262,144","262,144",1048576,1048576,7.939338684082031e-05,0.01%,2097152
104,encoder_4.double_conv.conv_block_2.act_fn.relu_l2l,"[256, 16, 16]","[256, 16, 16]",0,0.25,"65,536","65,536",262144,262144,3.24249267578125e-05,0.00%,524288
105,decoder_4.upsample.conv_transp.conv_transposed_h2h,"[256, 32, 32]","[256, 64, 64]",590080,4.00,"1,207,959,552","604,241,920",3408896,4194304,0.009851932525634766,0.95%,7603200
106,decoder_4.upsample.conv_transp.conv_transposed_l2l,"[256, 16, 16]","[256, 32, 32]",590080,1.00,"301,989,888","151,060,480",2622464,1048576,0.001996755599975586,0.19%,3671040
107,decoder_4.upsample.conv_transp.conv_transposed_h2l,"[256, 16, 16]","[256, 32, 32]",590080,1.00,"301,989,888","151,060,480",2622464,1048576,0.0024933815002441406,0.24%,3671040
108,decoder_4.upsample.conv_transp.conv_transposed_l2h,"[256, 16, 16]","[256, 32, 32]",590080,1.00,"301,989,888","151,060,480",2622464,1048576,0.0019037723541259766,0.18%,3671040
109,decoder_4.upsample.batch_norm.batch_norm_h2h,"[256, 64, 64]","[256, 64, 64]",512,4.00,"4,194,304","2,097,152",4196352,4194304,0.0029425621032714844,0.28%,8390656
110,decoder_4.upsample.batch_norm.batch_norm_l2l,"[256, 32, 32]","[256, 32, 32]",512,1.00,"1,048,576","524,288",1050624,1048576,0.0003037452697753906,0.03%,2099200
111,decoder_4.upsample.act_fn.relu_h2h,"[256, 64, 64]","[256, 64, 64]",0,4.00,"1,048,576","1,048,576",4194304,4194304,0.00047898292541503906,0.05%,8388608
112,decoder_4.upsample.act_fn.relu_l2l,"[256, 32, 32]","[256, 32, 32]",0,1.00,"262,144","262,144",1048576,1048576,6.198883056640625e-05,0.01%,2097152
113,decoder_4.oct_concat.concat,"[256, 32, 32]","[512, 32, 32]",0,2.00,0,0,0,0,0.0005435943603515625,0.05%,0
114,decoder_4.double_conv.conv_block_1.conv.conv_h2h,"[512, 64, 64]","[128, 64, 64]",589952,2.00,"4,831,838,208","2,416,443,392",10748416,2097152,0.006865978240966797,0.66%,12845568
115,decoder_4.double_conv.conv_block_1.conv.conv_l2l,"[512, 32, 32]","[128, 32, 32]",589952,0.50,"1,207,959,552","604,110,848",4456960,524288,0.0018918514251708984,0.18%,4981248
116,decoder_4.double_conv.conv_block_1.conv.downsample_h2l,"[512, 64, 64]","[512, 32, 32]",0,2.00,"2,097,152","2,097,152",8388608,2097152,0.0003275871276855469,0.03%,10485760
117,decoder_4.double_conv.conv_block_1.conv.conv_h2l,"[512, 32, 32]","[128, 32, 32]",589952,0.50,"1,207,959,552","604,110,848",4456960,524288,0.0024890899658203125,0.24%,4981248
118,decoder_4.double_conv.conv_block_1.conv.conv_l2h,"[512, 32, 32]","[128, 32, 32]",589952,0.50,"1,207,959,552","604,110,848",4456960,524288,0.0018410682678222656,0.18%,4981248
119,decoder_4.double_conv.conv_block_1.conv.upsample_l2h,"[128, 32, 32]","[128, 64, 64]",0,2.00,0,"4,096",0,0,0.0029129981994628906,0.28%,0
120,decoder_4.double_conv.conv_block_1.batch_norm.batch_norm_h2h,"[128, 64, 64]","[128, 64, 64]",256,2.00,"2,097,152","1,048,576",2098176,2097152,0.0015265941619873047,0.15%,4195328
121,decoder_4.double_conv.conv_block_1.batch_norm.batch_norm_l2l,"[128, 32, 32]","[128, 32, 32]",256,0.50,"524,288","262,144",525312,524288,0.0001747608184814453,0.02%,1049600
122,decoder_4.double_conv.conv_block_1.act_fn.relu_h2h,"[128, 64, 64]","[128, 64, 64]",0,2.00,"524,288","524,288",2097152,2097152,0.00037288665771484375,0.04%,4194304
123,decoder_4.double_conv.conv_block_1.act_fn.relu_l2l,"[128, 32, 32]","[128, 32, 32]",0,0.50,"131,072","131,072",524288,524288,4.3392181396484375e-05,0.00%,1048576
124,decoder_4.double_conv.conv_block_2.conv.conv_h2h,"[128, 64, 64]","[128, 64, 64]",147584,2.00,"1,207,959,552","604,504,064",2687488,2097152,0.0022351741790771484,0.22%,4784640
125,decoder_4.double_conv.conv_block_2.conv.conv_l2l,"[128, 32, 32]","[128, 32, 32]",147584,0.50,"301,989,888","151,126,016",1114624,524288,0.0006282329559326172,0.06%,1638912
126,decoder_4.double_conv.conv_block_2.conv.downsample_h2l,"[128, 64, 64]","[128, 32, 32]",0,0.50,"524,288","524,288",2097152,524288,0.00010561943054199219,0.01%,2621440
127,decoder_4.double_conv.conv_block_2.conv.conv_h2l,"[128, 32, 32]","[128, 32, 32]",147584,0.50,"301,989,888","151,126,016",1114624,524288,0.0012087821960449219,0.12%,1638912
128,decoder_4.double_conv.conv_block_2.conv.conv_l2h,"[128, 32, 32]","[128, 32, 32]",147584,0.50,"301,989,888","151,126,016",1114624,524288,0.0006275177001953125,0.06%,1638912
129,decoder_4.double_conv.conv_block_2.conv.upsample_l2h,"[128, 32, 32]","[128, 64, 64]",0,2.00,0,"4,096",0,0,0.003262758255004883,0.32%,0
130,decoder_4.double_conv.conv_block_2.batch_norm.batch_norm_h2h,"[128, 64, 64]","[128, 64, 64]",256,2.00,"2,097,152","1,048,576",2098176,2097152,0.0015146732330322266,0.15%,4195328
131,decoder_4.double_conv.conv_block_2.batch_norm.batch_norm_l2l,"[128, 32, 32]","[128, 32, 32]",256,0.50,"524,288","262,144",525312,524288,0.0001709461212158203,0.02%,1049600
132,decoder_4.double_conv.conv_block_2.act_fn.relu_h2h,"[128, 64, 64]","[128, 64, 64]",0,2.00,"524,288","524,288",2097152,2097152,0.00036406517028808594,0.04%,4194304
133,decoder_4.double_conv.conv_block_2.act_fn.relu_l2l,"[128, 32, 32]","[128, 32, 32]",0,0.50,"131,072","131,072",524288,524288,4.38690185546875e-05,0.00%,1048576
134,decoder_3.upsample.conv_transp.conv_transposed_h2h,"[128, 64, 64]","[128,128,128]",147584,8.00,"1,207,959,552","604,504,064",2687488,8388608,0.017992019653320312,1.74%,11076096
135,decoder_3.upsample.conv_transp.conv_transposed_l2l,"[128, 32, 32]","[128, 64, 64]",147584,2.00,"301,989,888","151,126,016",1114624,2097152,0.003029346466064453,0.29%,3211776
136,decoder_3.upsample.conv_transp.conv_transposed_h2l,"[128, 32, 32]","[128, 64, 64]",147584,2.00,"301,989,888","151,126,016",1114624,2097152,0.004362344741821289,0.42%,3211776
137,decoder_3.upsample.conv_transp.conv_transposed_l2h,"[128, 32, 32]","[128, 64, 64]",147584,2.00,"301,989,888","151,126,016",1114624,2097152,0.0030617713928222656,0.30%,3211776
138,decoder_3.upsample.batch_norm.batch_norm_h2h,"[128,128,128]","[128,128,128]",256,8.00,"8,388,608","4,194,304",8389632,8388608,0.0056116580963134766,0.54%,16778240
139,decoder_3.upsample.batch_norm.batch_norm_l2l,"[128, 64, 64]","[128, 64, 64]",256,2.00,"2,097,152","1,048,576",2098176,2097152,0.0005180835723876953,0.05%,4195328
140,decoder_3.upsample.act_fn.relu_h2h,"[128,128,128]","[128,128,128]",0,8.00,"2,097,152","2,097,152",8388608,8388608,0.0007524490356445312,0.07%,16777216
141,decoder_3.upsample.act_fn.relu_l2l,"[128, 64, 64]","[128, 64, 64]",0,2.00,"524,288","524,288",2097152,2097152,9.298324584960938e-05,0.01%,4194304
142,decoder_3.oct_concat.concat,"[128, 64, 64]","[256, 64, 64]",0,4.00,0,0,0,0,0.0010471343994140625,0.10%,0
143,decoder_3.double_conv.conv_block_1.conv.conv_h2h,"[256,128,128]","[ 64,128,128]",147520,4.00,"4,831,838,208","2,416,967,680",17367296,4194304,0.008266210556030273,0.80%,21561600
144,decoder_3.double_conv.conv_block_1.conv.conv_l2l,"[256, 64, 64]","[ 64, 64, 64]",147520,1.00,"1,207,959,552","604,241,920",4784384,1048576,0.0019686222076416016,0.19%,5832960
145,decoder_3.double_conv.conv_block_1.conv.downsample_h2l,"[256,128,128]","[256, 64, 64]",0,4.00,"4,194,304","4,194,304",16777216,4194304,0.0006279945373535156,0.06%,20971520
146,decoder_3.double_conv.conv_block_1.conv.conv_h2l,"[256, 64, 64]","[ 64, 64, 64]",147520,1.00,"1,207,959,552","604,241,920",4784384,1048576,0.0029726028442382812,0.29%,5832960
147,decoder_3.double_conv.conv_block_1.conv.conv_l2h,"[256, 64, 64]","[ 64, 64, 64]",147520,1.00,"1,207,959,552","604,241,920",4784384,1048576,0.001827239990234375,0.18%,5832960
148,decoder_3.double_conv.conv_block_1.conv.upsample_l2h,"[ 64, 64, 64]","[ 64,128,128]",0,4.00,0,"16,384",0,0,0.004736423492431641,0.46%,0
149,decoder_3.double_conv.conv_block_1.batch_norm.batch_norm_h2h,"[ 64,128,128]","[ 64,128,128]",128,4.00,"4,194,304","2,097,152",4194816,4194304,0.0029211044311523438,0.28%,8389120
150,decoder_3.double_conv.conv_block_1.batch_norm.batch_norm_l2l,"[ 64, 64, 64]","[ 64, 64, 64]",128,1.00,"1,048,576","524,288",1049088,1048576,0.00028705596923828125,0.03%,2097664
151,decoder_3.double_conv.conv_block_1.act_fn.relu_h2h,"[ 64,128,128]","[ 64,128,128]",0,4.00,"1,048,576","1,048,576",4194304,4194304,0.0004782676696777344,0.05%,8388608
152,decoder_3.double_conv.conv_block_1.act_fn.relu_l2l,"[ 64, 64, 64]","[ 64, 64, 64]",0,1.00,"262,144","262,144",1048576,1048576,7.2479248046875e-05,0.01%,2097152
153,decoder_3.double_conv.conv_block_2.conv.conv_h2h,"[ 64,128,128]","[ 64,128,128]",36928,4.00,"1,207,959,552","605,028,352",4342016,4194304,0.0026569366455078125,0.26%,8536320
154,decoder_3.double_conv.conv_block_2.conv.conv_l2l,"[ 64, 64, 64]","[ 64, 64, 64]",36928,1.00,"301,989,888","151,257,088",1196288,1048576,0.000701904296875,0.07%,2244864
155,decoder_3.double_conv.conv_block_2.conv.downsample_h2l,"[ 64,128,128]","[ 64, 64, 64]",0,1.00,"1,048,576","1,048,576",4194304,1048576,0.0001919269561767578,0.02%,5242880
156,decoder_3.double_conv.conv_block_2.conv.conv_h2l,"[ 64, 64, 64]","[ 64, 64, 64]",36928,1.00,"301,989,888","151,257,088",1196288,1048576,0.0014789104461669922,0.14%,2244864
157,decoder_3.double_conv.conv_block_2.conv.conv_l2h,"[ 64, 64, 64]","[ 64, 64, 64]",36928,1.00,"301,989,888","151,257,088",1196288,1048576,0.0006780624389648438,0.07%,2244864
158,decoder_3.double_conv.conv_block_2.conv.upsample_l2h,"[ 64, 64, 64]","[ 64,128,128]",0,4.00,0,"16,384",0,0,0.00475621223449707,0.46%,0
159,decoder_3.double_conv.conv_block_2.batch_norm.batch_norm_h2h,"[ 64,128,128]","[ 64,128,128]",128,4.00,"4,194,304","2,097,152",4194816,4194304,0.0029265880584716797,0.28%,8389120
160,decoder_3.double_conv.conv_block_2.batch_norm.batch_norm_l2l,"[ 64, 64, 64]","[ 64, 64, 64]",128,1.00,"1,048,576","524,288",1049088,1048576,0.0007228851318359375,0.07%,2097664
161,decoder_3.double_conv.conv_block_2.act_fn.relu_h2h,"[ 64,128,128]","[ 64,128,128]",0,4.00,"1,048,576","1,048,576",4194304,4194304,0.00046062469482421875,0.04%,8388608
162,decoder_3.double_conv.conv_block_2.act_fn.relu_l2l,"[ 64, 64, 64]","[ 64, 64, 64]",0,1.00,"262,144","262,144",1048576,1048576,0.0018229484558105469,0.18%,2097152
163,decoder_2.upsample.conv_transp.conv_transposed_h2h,"[ 64,128,128]","[ 64,256,256]",36928,16.00,"1,207,959,552","605,028,352",4342016,16777216,0.03592634201049805,3.47%,21119232
164,decoder_2.upsample.conv_transp.conv_transposed_l2l,"[ 64, 64, 64]","[ 64,128,128]",36928,4.00,"301,989,888","151,257,088",1196288,4194304,0.005388736724853516,0.52%,5390592
165,decoder_2.upsample.conv_transp.conv_transposed_h2l,"[ 64, 64, 64]","[ 64,128,128]",36928,4.00,"301,989,888","151,257,088",1196288,4194304,0.007867574691772461,0.76%,5390592
166,decoder_2.upsample.conv_transp.conv_transposed_l2h,"[ 64, 64, 64]","[ 64,128,128]",36928,4.00,"301,989,888","151,257,088",1196288,4194304,0.005524635314941406,0.53%,5390592
167,decoder_2.upsample.batch_norm.batch_norm_h2h,"[ 64,256,256]","[ 64,256,256]",128,16.00,"16,777,216","8,388,608",16777728,16777216,0.011279821395874023,1.09%,33554944
168,decoder_2.upsample.batch_norm.batch_norm_l2l,"[ 64,128,128]","[ 64,128,128]",128,4.00,"4,194,304","2,097,152",4194816,4194304,0.001024007797241211,0.10%,8389120
169,decoder_2.upsample.act_fn.relu_h2h,"[ 64,256,256]","[ 64,256,256]",0,16.00,"4,194,304","4,194,304",16777216,16777216,0.0014042854309082031,0.14%,33554432
170,decoder_2.upsample.act_fn.relu_l2l,"[ 64,128,128]","[ 64,128,128]",0,4.00,"1,048,576","1,048,576",4194304,4194304,0.0001850128173828125,0.02%,8388608
171,decoder_2.oct_concat.concat,"[ 64,128,128]","[128,128,128]",0,8.00,0,0,0,0,0.0020198822021484375,0.20%,0
172,decoder_2.double_conv.conv_block_1.conv.conv_h2h,"[128,256,256]","[ 32,256,256]",36896,8.00,"4,831,838,208","2,418,016,256",33702016,8388608,0.00918269157409668,0.89%,42090624
173,decoder_2.double_conv.conv_block_1.conv.conv_l2l,"[128,128,128]","[ 32,128,128]",36896,2.00,"1,207,959,552","604,504,064",8536192,2097152,0.002382993698120117,0.23%,10633344
174,decoder_2.double_conv.conv_block_1.conv.downsample_h2l,"[128,256,256]","[128,128,128]",0,8.00,"8,388,608","8,388,608",33554432,8388608,0.001447439193725586,0.14%,41943040
175,decoder_2.double_conv.conv_block_1.conv.conv_h2l,"[128,128,128]","[ 32,128,128]",36896,2.00,"1,207,959,552","604,504,064",8536192,2097152,0.003048419952392578,0.29%,10633344
176,decoder_2.double_conv.conv_block_1.conv.conv_l2h,"[128,128,128]","[ 32,128,128]",36896,2.00,"1,207,959,552","604,504,064",8536192,2097152,0.0021474361419677734,0.21%,10633344
177,decoder_2.double_conv.conv_block_1.conv.upsample_l2h,"[ 32,128,128]","[ 32,256,256]",0,8.00,0,"65,536",0,0,0.009468317031860352,0.91%,0
178,decoder_2.double_conv.conv_block_1.batch_norm.batch_norm_h2h,"[ 32,256,256]","[ 32,256,256]",64,8.00,"8,388,608","4,194,304",8388864,8388608,0.005620241165161133,0.54%,16777472
179,decoder_2.double_conv.conv_block_1.batch_norm.batch_norm_l2l,"[ 32,128,128]","[ 32,128,128]",64,2.00,"2,097,152","1,048,576",2097408,2097152,0.0005223751068115234,0.05%,4194560
180,decoder_2.double_conv.conv_block_1.act_fn.relu_h2h,"[ 32,256,256]","[ 32,256,256]",0,8.00,"2,097,152","2,097,152",8388608,8388608,0.0007359981536865234,0.07%,16777216
181,decoder_2.double_conv.conv_block_1.act_fn.relu_l2l,"[ 32,128,128]","[ 32,128,128]",0,2.00,"524,288","524,288",2097152,2097152,8.511543273925781e-05,0.01%,4194304
182,decoder_2.double_conv.conv_block_2.conv.conv_h2h,"[ 32,256,256]","[ 32,256,256]",9248,8.00,"1,207,959,552","606,076,928",8425600,8388608,0.003322601318359375,0.32%,16814208
183,decoder_2.double_conv.conv_block_2.conv.conv_l2l,"[ 32,128,128]","[ 32,128,128]",9248,2.00,"301,989,888","151,519,232",2134144,2097152,0.0011553764343261719,0.11%,4231296
184,decoder_2.double_conv.conv_block_2.conv.downsample_h2l,"[ 32,256,256]","[ 32,128,128]",0,2.00,"2,097,152","2,097,152",8388608,2097152,0.0003705024719238281,0.04%,10485760
185,decoder_2.double_conv.conv_block_2.conv.conv_h2l,"[ 32,128,128]","[ 32,128,128]",9248,2.00,"301,989,888","151,519,232",2134144,2097152,0.001875162124633789,0.18%,4231296
186,decoder_2.double_conv.conv_block_2.conv.conv_l2h,"[ 32,128,128]","[ 32,128,128]",9248,2.00,"301,989,888","151,519,232",2134144,2097152,0.004057884216308594,0.39%,4231296
187,decoder_2.double_conv.conv_block_2.conv.upsample_l2h,"[ 32,128,128]","[ 32,256,256]",0,8.00,0,"65,536",0,0,0.009209871292114258,0.89%,0
188,decoder_2.double_conv.conv_block_2.batch_norm.batch_norm_h2h,"[ 32,256,256]","[ 32,256,256]",64,8.00,"8,388,608","4,194,304",8388864,8388608,0.005671024322509766,0.55%,16777472
189,decoder_2.double_conv.conv_block_2.batch_norm.batch_norm_l2l,"[ 32,128,128]","[ 32,128,128]",64,2.00,"2,097,152","1,048,576",2097408,2097152,0.004568338394165039,0.44%,4194560
190,decoder_2.double_conv.conv_block_2.act_fn.relu_h2h,"[ 32,256,256]","[ 32,256,256]",0,8.00,"2,097,152","2,097,152",8388608,8388608,0.0007503032684326172,0.07%,16777216
191,decoder_2.double_conv.conv_block_2.act_fn.relu_l2l,"[ 32,128,128]","[ 32,128,128]",0,2.00,"524,288","524,288",2097152,2097152,0.00011801719665527344,0.01%,4194304
192,decoder_1.upsample.conv_transp.conv_transposed_h2h,"[ 32,256,256]","[ 32,512,512]",9248,32.00,"1,207,959,552","606,076,928",8425600,33554432,0.07634830474853516,7.38%,41980032
193,decoder_1.upsample.conv_transp.conv_transposed_l2l,"[ 32,128,128]","[ 32,256,256]",9248,8.00,"301,989,888","151,519,232",2134144,8388608,0.011661052703857422,1.13%,10522752
194,decoder_1.upsample.conv_transp.conv_transposed_h2l,"[ 32,128,128]","[ 32,256,256]",9248,8.00,"301,989,888","151,519,232",2134144,8388608,0.015969514846801758,1.54%,10522752
195,decoder_1.upsample.conv_transp.conv_transposed_l2h,"[ 32,128,128]","[ 32,256,256]",9248,8.00,"301,989,888","151,519,232",2134144,8388608,0.011683225631713867,1.13%,10522752
196,decoder_1.upsample.batch_norm.batch_norm_h2h,"[ 32,512,512]","[ 32,512,512]",64,32.00,"33,554,432","16,777,216",33554688,33554432,0.02243185043334961,2.17%,67109120
197,decoder_1.upsample.batch_norm.batch_norm_l2l,"[ 32,256,256]","[ 32,256,256]",64,8.00,"8,388,608","4,194,304",8388864,8388608,0.0021123886108398438,0.20%,16777472
198,decoder_1.upsample.act_fn.relu_h2h,"[ 32,512,512]","[ 32,512,512]",0,32.00,"8,388,608","8,388,608",33554432,33554432,0.0027532577514648438,0.27%,67108864
199,decoder_1.upsample.act_fn.relu_l2l,"[ 32,256,256]","[ 32,256,256]",0,8.00,"2,097,152","2,097,152",8388608,8388608,0.0006177425384521484,0.06%,16777216
200,decoder_1.oct_concat.concat,"[ 32,256,256]","[ 64,256,256]",0,16.00,0,0,0,0,0.010439157485961914,1.01%,0
201,decoder_1.double_conv.conv_block_1.conv.conv_h2h,"[ 64,512,512]","[ 32,512,512]",18464,32.00,"9,663,676,416","4,840,226,816",67182720,33554432,0.02514338493347168,2.43%,100737152
202,decoder_1.double_conv.conv_block_1.conv.conv_l2l,"[ 64,256,256]","[ 32,256,256]",18464,8.00,"2,415,919,104","1,210,056,704",16851072,8388608,0.0053250789642333984,0.51%,25239680
203,decoder_1.double_conv.conv_block_1.conv.downsample_h2l,"[ 64,512,512]","[ 64,256,256]",0,16.00,"16,777,216","16,777,216",67108864,16777216,0.0037543773651123047,0.36%,83886080
204,decoder_1.double_conv.conv_block_1.conv.conv_h2l,"[ 64,256,256]","[ 32,256,256]",18464,8.00,"2,415,919,104","1,210,056,704",16851072,8388608,0.006179094314575195,0.60%,25239680
205,decoder_1.double_conv.conv_block_1.conv.conv_l2h,"[ 64,256,256]","[ 32,256,256]",18464,8.00,"2,415,919,104","1,210,056,704",16851072,8388608,0.005064725875854492,0.49%,25239680
206,decoder_1.double_conv.conv_block_1.conv.upsample_l2h,"[ 32,256,256]","[ 32,512,512]",0,32.00,0,"262,144",0,0,0.036917924880981445,3.57%,0
207,decoder_1.double_conv.conv_block_1.batch_norm.batch_norm_h2h,"[ 32,512,512]","[ 32,512,512]",64,32.00,"33,554,432","16,777,216",33554688,33554432,0.02215576171875,2.14%,67109120
208,decoder_1.double_conv.conv_block_1.batch_norm.batch_norm_l2l,"[ 32,256,256]","[ 32,256,256]",64,8.00,"8,388,608","4,194,304",8388864,8388608,0.005529165267944336,0.53%,16777472
209,decoder_1.double_conv.conv_block_1.act_fn.relu_h2h,"[ 32,512,512]","[ 32,512,512]",0,32.00,"8,388,608","8,388,608",33554432,33554432,0.0027229785919189453,0.26%,67108864
210,decoder_1.double_conv.conv_block_1.act_fn.relu_l2l,"[ 32,256,256]","[ 32,256,256]",0,8.00,"2,097,152","2,097,152",8388608,8388608,0.0007841587066650391,0.08%,16777216
211,decoder_1.double_conv.conv_block_2.conv.conv_h2h,"[ 32,512,512]","[ 32,512,512]",9248,32.00,"4,831,838,208","2,424,307,712",33591424,33554432,0.016057252883911133,1.55%,67145856
212,decoder_1.double_conv.conv_block_2.conv.conv_l2l,"[ 32,256,256]","[ 32,256,256]",9248,8.00,"1,207,959,552","606,076,928",8425600,8388608,0.0034227371215820312,0.33%,16814208
213,decoder_1.double_conv.conv_block_2.conv.downsample_h2l,"[ 32,512,512]","[ 32,256,256]",0,8.00,"8,388,608","8,388,608",33554432,8388608,0.0019469261169433594,0.19%,41943040
214,decoder_1.double_conv.conv_block_2.conv.conv_h2l,"[ 32,256,256]","[ 32,256,256]",9248,8.00,"1,207,959,552","606,076,928",8425600,8388608,0.0033316612243652344,0.32%,16814208
215,decoder_1.double_conv.conv_block_2.conv.conv_l2h,"[ 32,256,256]","[ 32,256,256]",9248,8.00,"1,207,959,552","606,076,928",8425600,8388608,0.003374338150024414,0.33%,16814208
216,decoder_1.double_conv.conv_block_2.conv.upsample_l2h,"[ 32,256,256]","[ 32,512,512]",0,32.00,0,"262,144",0,0,0.03681206703186035,3.56%,0
217,decoder_1.double_conv.conv_block_2.batch_norm.batch_norm_h2h,"[ 32,512,512]","[ 32,512,512]",64,32.00,"33,554,432","16,777,216",33554688,33554432,0.021336793899536133,2.06%,67109120
218,decoder_1.double_conv.conv_block_2.batch_norm.batch_norm_l2l,"[ 32,256,256]","[ 32,256,256]",64,8.00,"8,388,608","4,194,304",8388864,8388608,0.005392789840698242,0.52%,16777472
219,decoder_1.double_conv.conv_block_2.act_fn.relu_h2h,"[ 32,512,512]","[ 32,512,512]",0,32.00,"8,388,608","8,388,608",33554432,33554432,0.002728700637817383,0.26%,67108864
220,decoder_1.double_conv.conv_block_2.act_fn.relu_l2l,"[ 32,256,256]","[ 32,256,256]",0,8.00,"2,097,152","2,097,152",8388608,8388608,0.0007708072662353516,0.07%,16777216
221,decoder_0.conv_block.conv.conv_h2h,"[ 32,512,512]","[  1,512,512]",33,1.00,"16,777,216","8,650,752",33554564,1048576,0.005640983581542969,0.55%,34603140
222,decoder_0.conv_block.conv.conv_l2h,"[ 32,256,256]","[  1,256,256]",33,0.25,"4,194,304","2,162,688",8388740,262144,0.0014624595642089844,0.14%,8650884
223,decoder_0.conv_block.conv.upsample_l2h,"[  1,256,256]","[  1,512,512]",0,1.00,0,"262,144",0,0,0.002038240432739258,0.20%,0
224,decoder_0.conv_block.batch_norm.batch_norm_h2h,"[  1,512,512]","[  1,512,512]",2,1.00,"1,048,576","524,288",1048584,1048576,0.0003387928009033203,0.03%,2097160
total, ,"[  3,512,512]","[  1,512,512]",16536516,1443.75,"117,387,165,696","58,883,000,320",1638485776,1290534912,1.0350251197814941,100.00%,2929020688
